tests/data/validation/dem.asc
ncols 100
nrows 100
xllcorner 0.0
yllcorner 0.0
cellsize 1.0
nodata_value -9999
[rows 27 to 53 of 100, columns 0 to 60 of 100]
-0.001742 -0.002126 -0.002544 -0.002973 -0.003378 -0.003701 -0.003861 -0.003744 -0.003195 -0.002014 0.000056 0.003329 0.008186 0.015072 0.024492 0.037004 0.053198 0.073671 0.098992 0.129654 0.166014 0.208231 0.256186 0.309407 0.366987 0.427512 0.489000 0.548858 0.603866 0.650203 0.683501 0.698950 0.691456 0.655834 0.587048 0.480483 0.332233 0.139402 -0.099619 -0.384902 -0.714789 -1.085763 -1.492419 -1.927519 -2.382159 -2.846030 -3.307775 -3.755420 -4.176860 -4.560375 -4.895138 -5.171704 -5.382421 -5.521775 -5.586610 -5.576248 -5.492470 -5.339385 -5.123190 -4.851828 -4.534591
-0.002527 -0.003156 -0.003883 -0.004698 -0.005577 -0.006476 -0.007325 -0.008020 -0.008412 -0.008300 -0.007419 -0.005434 -0.001928 0.003597 0.011723 0.023111 0.038483 0.058600 0.084228 0.116090 0.154804 0.200817 0.254318 0.315150 0.382722 0.455915 0.533008 0.611615 0.688655 0.760347 0.822263 0.869413 0.896393 0.897578 0.867369 0.800472 0.692209 0.538841 0.337877 0.088367 -0.208877 -0.551108 -0.933577 -1.349563 -1.790507 -2.246266 -2.705458 -3.155899 -3.585104 -3.980828 -4.331603 -4.627263 -4.859400 -5.021740 -5.110411 -5.124085 -5.063992 -4.933804 -4.739402 -4.488540 -4.190433
-0.003458 -0.004383 -0.005484 -0.006766 -0.008225 -0.009832 -0.011537 -0.013248 -0.014832 -0.016092 -0.016762 -0.016492 -0.014838 -0.011249 -0.005070 0.004461 0.018204 0.037091 0.062097 0.094194 0.134287 0.183139 0.241286 0.308932 0.385848 0.471265 0.563781 0.661274 0.760853 0.858836 0.950777 1.031541 1.095436 1.136409 1.148286 1.125069 1.061262 0.952223 0.794505 0.586181 0.327121 0.019191 -0.333630 -0.725244 -1.147547 -1.590652 -2.043233 -2.492964 -2.927027 -3.332678 -3.697820 -4.011559 -4.264707 -4.450197 -4.563391 -4.602260 -4.567424 -4.462058 -4.291669 -4.063767 -3.787441
-0.004544 -0.005816 -0.007360 -0.009199 -0.011351 -0.013810 -0.016549 -0.019501 -0.022549 -0.025513 -0.028134 -0.030056 -0.030811 -0.029808 -0.026323 -0.019491 -0.008321 0.008297 0.031557 0.062692 0.102914 0.153331 0.214856 0.288094 0.373223 0.469878 0.577024 0.692864 0.814753 0.939158 1.061663 1.177026 1.279300 1.362015 1.418426 1.441816 1.425842 1.364908 1.254548 1.091788 0.875465 0.606475 0.287931 -0.074790 -0.474123 -0.900526 -1.342801 -1.788532 -2.224613 -2.637830 -3.015467 -3.345901 -3.619145 -3.827315 -3.964972 -4.029346 -4.020405 -3.940784 -3.795577 -3.592007 -3.339003
-0.005790 -0.007465 -0.009523 -0.012012 -0.014975 -0.018437 -0.022400 -0.026828 -0.031633 -0.036658 -0.041660 -0.046288 -0.050062 -0.052358 -0.052390 -0.049203 -0.041670 -0.028508 -0.008301 0.020458 0.059299 0.109698 0.172972 0.250160 0.341892 0.448244 0.568607 0.701556 0.844747 0.994850 1.147528 1.297475 1.438521 1.563804 1.666021 1.737732 1.771728 1.761431 1.701312 1.587291 1.417107 1.190613 0.909981 0.579791 0.206990 -0.199287 -0.628028 -1.066781 -1.502188 -1.920587 -2.308655 -2.654042 -2.945957 -3.175680 -3.336953 -3.426239 -3.442828 -3.388792 -3.268788 -3.089734 -2.860384
-0.007197 -0.009331 -0.011976 -0.015210 -0.019107 -0.023727 -0.029110 -0.035259 -0.042123 -0.049581 -0.057415 -0.065291 -0.072731 -0.079086 -0.083523 -0.085002 -0.082272 -0.073878 -0.058183 -0.033405 0.002315 0.050836 0.113899 0.193008 0.289272 0.403257 0.534818 0.682954 0.845671 1.019893 1.201413 1.384905 1.564015 1.731524 1.879586 2.000052 2.084844 2.126391 2.118071 2.054665 1.932770 1.751144 1.510964 1.215955 0.872394 0.488956 0.076421 -0.352760 -0.785004 -1.206227 -1.602513 -1.960788 -2.269458 -2.518962 -2.702217 -2.814913 -2.855654 -2.825943 -2.729997 -2.574432 -2.367826
-0.008762 -0.011411 -0.014716 -0.018789 -0.023741 -0.029675 -0.036675 -0.044791 -0.054022 -0.064289 -0.075416 -0.087097 -0.098867 -0.110072 -0.119838 -0.127057 -0.130363 -0.128139 -0.118532 -0.099487 -0.068811 -0.024256 0.036360 0.115023 0.213353 0.332434 0.472628 0.633397 0.813148 1.009105 1.217238 1.432251 1.647650 1.855892 2.048624 2.217007 2.352111 2.445370 2.489069 2.476834 2.404097 2.268494 2.070172 1.811971 1.499459 1.140820 0.746567 0.329127 -0.097719 -0.519481 -0.921663 -1.290482 -1.613546 -1.880464 -2.083332 -2.217075 -2.279627 -2.271932 -2.197786 -2.063520 -1.877561
-0.010478 -0.013695 -0.017730 -0.022734 -0.028859 -0.036257 -0.045066 -0.055391 -0.067287 -0.080736 -0.095612 -0.111651 -0.128417 -0.145262 -0.161294 -0.175344 -0.185951 -0.191346 -0.189469 -0.177999 -0.154413 -0.116072 -0.060343 0.015253 0.112867 0.234127 0.379931 0.550246 0.743917 0.958515 1.190234 1.433854 1.682787 1.929211 2.164305 2.378575 2.562266 2.705839 2.800498 2.838722 2.814777 2.725172 2.569015 2.348244 2.067707 1.735074 1.360580 0.956606 0.537117 0.116993 -0.288706 -0.665502 -1.000226 -1.281673 -1.501140 -1.652814 -1.733982 -1.745066 -1.689472 -1.573283 -1.404815
-0.012333 -0.016166 -0.020997 -0.027015 -0.034424 -0.043428 -0.054224 -0.066985 -0.081834 -0.098817 -0.117877 -0.138805 -0.161208 -0.184462 -0.207671 -0.229628 -0.248785 -0.263242 -0.270746 -0.268719 -0.254317 -0.224514 -0.176228 -0.106477 -0.012569 0.107685 0.255747 0.432113 0.636104 0.865679 1.117300 1.385869 1.664752 1.945897 2.220062 2.477142 2.706596 2.897953 3.041364 3.128188 3.151548 3.106841 2.992145 2.808504 2.560046 2.253928 1.900099 1.510889 1.100434 0.683991 0.277164 -0.104894 -0.448259 -0.740946 -0.973486 -1.139367 -1.235272 -1.261145 -1.220054 -1.117887 -0.962896
-0.014308 -0.018801 -0.024485 -0.031593 -0.040383 -0.051118 -0.064065 -0.079466 -0.097524 -0.118365 -0.142006 -0.168311 -0.196946 -0.227326 -0.258567 -0.289442 -0.318339 -0.343241 -0.361719 -0.370956 -0.367798 -0.348841 -0.310562 -0.249477 -0.162349 -0.046415 0.100362 0.279034 0.489426 0.729918 0.997280 1.286583 1.591194 1.902884 2.212040 2.508002 2.779496 3.015165 3.204161 3.336763 3.404992 3.403165 3.328362 3.180755 2.963770 2.684062 2.351301 1.977761 1.577746 1.166873 0.761272 0.376744 0.027931 -0.272437 -0.514174 -0.690116 -0.796400 -0.832550 -0.801357 -0.708572 -0.562448
-0.016380 -0.021569 -0.028152 -0.036414 -0.046665 -0.059239 -0.074471 -0.092688 -0.114176 -0.139150 -0.167718 -0.199826 -0.235213 -0.273352 -0.313388 -0.354092 -0.393806 -0.430417 -0.461340 -0.483536 -0.493560 -0.487646 -0.461838 -0.412160 -0.334833 -0.226520 -0.084598 0.092556 0.305291 0.552437 0.831109 1.136587 1.462288 1.799857 2.139371 2.469670 2.778813 3.054619 3.285299 3.460114 3.570035 3.608353 3.571194 3.457893 3.271205 3.017306 2.705598 2.348304 1.959888 1.556313 1.154213 0.769999 0.418995 0.114625 -0.132261 -0.313908 -0.425971 -0.467620 -0.441435 -0.353099 -0.210929
-0.018521 -0.024433 -0.031950 -0.041411 -0.053187 -0.067678 -0.085302 -0.106468 -0.131558 -0.160885 -0.194655 -0.232909 -0.275475 -0.321894 -0.371361 -0.422661 -0.474110 -0.523520 -0.568170 -0.604823 -0.629760 -0.638873 -0.627791 -0.592060 -0.527370 -0.429812 -0.296181 -0.124274 0.086796 0.336332 0.621823 0.938795 1.280763 1.639299 2.004227 2.363956 2.705942 3.017254 3.285234 3.498195 3.646127 3.721356 3.719111 3.637940 3.479964 3.250907 2.959922 2.619187 2.243317 1.848606 1.452158 1.070962 0.720970 0.416247 0.168244 -0.014759 -0.128003 -0.170374 -0.144312 -0.055499 0.087622
-0.020699 -0.027348 -0.035821 -0.046509 -0.059846 -0.076307 -0.096388 -0.120593 -0.149401 -0.183231 -0.222393 -0.267039 -0.317090 -0.372174 -0.431549 -0.494031 -0.557931 -0.621004 -0.680416 -0.732752 -0.774046 -0.799869 -0.805459 -0.785901 -0.736370 -0.652401 -0.530209 -0.367017 -0.161389 0.086463 0.374425 0.698306 1.051759 1.426335 1.811666 2.195797 2.565655 2.907637 3.208295 3.455074 3.637060 3.745687 3.775349 3.723865 3.592766 3.387356 3.116554 2.792500 2.429952 2.045509 1.656713 1.281081 0.935143 0.633541 0.388261 0.208037 0.097973 0.059394 0.089937 0.183858 0.332528
-0.022878 -0.030267 -0.039700 -0.051623 -0.066533 -0.084980 -0.107545 -0.134824 -0.167401 -0.205803 -0.250455 -0.301621 -0.359330 -0.423306 -0.492881 -0.566921 -0.643746 -0.721076 -0.795986 -0.864905 -0.923647 -0.967486 -0.991293 -0.989720 -0.957449 -0.889477 -0.781454 -0.630036 -0.433243 -0.190791 0.095621 0.422110 0.782508 1.168392 1.569262 1.972868 2.365685 2.733519 3.062218 3.338443 3.550461 3.688891 3.747363 3.723026 3.616865 3.433798 3.182530 2.875158 2.526571 2.153645 1.774317 1.406582 1.067484 0.772177 0.533111 0.359404 0.256434 0.225675 0.264778 0.367883 0.526129
-0.025020 -0.033138 -0.043518 -0.056661 -0.073128 -0.093542 -0.118570 -0.148903 -0.185229 -0.228188 -0.278322 -0.336012 -0.401403 -0.474321 -0.554187 -0.639924 -0.729881 -0.821759 -0.912565 -0.998597 -1.075471 -1.138194 -1.181300 -1.199036 -1.185618 -1.135531 -1.043884 -0.906781 -0.721703 -0.487874 -0.206565 0.118669 0.481871 0.874694 1.286561 1.704995 2.116097 2.505166 2.857433 3.158867 3.397001 3.561722 3.645967 3.646274 3.563133 3.401103 3.168684 2.877932 2.543843 2.183533 1.815288 1.457517 1.127715 0.841475 0.611642 0.447647 0.355078 0.335497 0.386520 0.502128 0.673196
-0.027084 -0.035907 -0.047205 -0.061530 -0.079506 -0.101831 -0.129253 -0.162560 -0.202543 -0.249953 -0.305452 -0.369540 -0.442480 -0.524207 -0.614235 -0.711561 -0.814573 -0.920969 -1.027708 -1.130981 -1.226232 -1.308234 -1.371213 -1.409043 -1.415510 -1.384617 -1.310960 -1.190112 -1.019037 -0.796469 -0.523252 -0.202595 0.159785 0.555655 0.974419 1.403439 1.828518 2.234532 2.606188 2.928853 3.189415 3.377110 3.484258 3.506845 3.444907 3.302672 3.088445 2.814227 2.495091 2.148353 1.792586 1.446552 1.128122 0.853256 0.635118 0.483390 0.403807 0.397973 0.463426 0.593964 0.780179
-0.029032 -0.038522 -0.050689 -0.066134 -0.085544 -0.109683 -0.139385 -0.175526 -0.218998 -0.270664 -0.331300 -0.401526 -0.481723 -0.571938 -0.671785 -0.780338 -0.896036 -1.016591 -1.138931 -1.259163 -1.372590 -1.473776 -1.556675 -1.614829 -1.641626 -1.630629 -1.575951 -1.472670 -1.317252 -1.107958 -0.845206 -0.531853 -0.173355 0.222210 0.644276 1.080108 1.515288 1.934356 2.321582 2.661825 2.941418 3.149030 3.276435 3.319124 3.276722 3.153146 2.956508 2.698733 2.394939 2.062585 1.720470 1.387634 1.082247 0.820559 0.615986 0.478391 0.413608 0.423241 0.504727 0.651665 0.854368
-0.030824 -0.040930 -0.053899 -0.070381 -0.091119 -0.116942 -0.148761 -0.187537 -0.234261 -0.289898 -0.355336 -0.431311 -0.518320 -0.616521 -0.725627 -0.844798 -0.972531 -1.106566 -1.243815 -1.380324 -1.511282 -1.631078 -1.733432 -1.811588 -1.858586 -1.867585 -1.832262 -1.747232 -1.608496 -1.413864 -1.163341 -0.859426 -0.507296 -0.114846 0.307438 0.746787 1.188635 1.617271 2.016621 2.371126 2.666655 2.891394 3.036641 3.097450 3.073070 2.967126 2.787529 2.546107 2.257974 1.940675 1.613161 1.294671 1.003595 0.756394 0.566661 0.444384 0.395449 0.421431 0.519651 0.683514 0.903070
-0.032424 -0.043082 -0.056772 -0.074186 -0.096118 -0.123460 -0.157190 -0.198350 -0.248018 -0.307259 -0.377064 -0.458279 -0.551509 -0.657022 -0.774631 -0.903581 -1.042433 -1.188965 -1.340094 -1.491824 -1.639256 -1.776640 -1.897500 -1.994828 -2.061356 -2.089894 -2.073725 -2.007048 -1.885434 -1.706272 -1.469170 -1.176275 -0.832472 -0.445446 -0.025558 0.414448 0.859934 1.295020 1.703379 2.069129 2.377766 2.617074 2.777948 2.855059 2.847315 2.758058 2.594992 2.369815 2.097586 1.795868 1.483687 1.180395 0.904516 0.672641 0.498473 0.392065 0.359318 0.401754 0.516581 0.697025 0.932905
-0.033800 -0.044935 -0.059249 -0.077472 -0.100442 -0.129105 -0.164500 -0.207743 -0.259990 -0.322393 -0.396040 -0.481876 -0.580609 -0.692608 -0.817784 -0.955465 -1.104284 -1.262066 -1.425742 -1.591302 -1.753785 -1.907337 -2.045325 -2.160537 -2.245451 -2.292574 -2.294852 -2.246116 -2.141551 -1.978161 -1.755180 -1.474412 -1.140446 -0.760728 -0.345457 0.092708 0.539128 0.977840 1.392355 1.766562 2.085676 2.337164 2.511588 2.603290 2.610870 2.537398 2.390354 2.181271 1.925097 1.639340 1.343015 1.055500 0.795362 0.579242 0.420880 0.330344 0.313511 0.371841 0.502435 0.698369 0.949279
-0.034924 -0.046453 -0.061281 -0.080172 -0.104002 -0.133763 -0.170547 -0.215530 -0.269938 -0.334999 -0.411886 -0.501632 -0.605039 -0.722570 -0.854224 -0.999415 -1.156848 -1.324401 -1.499039 -1.676754 -1.852555 -2.020516 -2.173895 -2.305323 -2.407076 -2.471419 -2.491016 -2.459385 -2.371376 -2.223647 -2.015089 -1.747176 -1.424199 -1.053346 -0.644614 -0.210520 0.234367 0.674084 1.092075 1.472095 1.799171 2.060540 2.246502 2.351125 2.372730 2.314127 2.182557 1.989343 1.749266 1.479700 1.199561 0.928161 0.684017 0.483737 0.341028 0.265918 0.264235 0.337367 0.482323 0.692070 0.956113
-0.035775 -0.047605 -0.062829 -0.082235 -0.106732 -0.137346 -0.175214 -0.221562 -0.277672 -0.344838 -0.424302 -0.517174 -0.624339 -0.746342 -0.883266 -1.034607 -1.199140 -1.374808 -1.558619 -1.746590 -1.933728 -2.114077 -2.280824 -2.426499 -2.543232 -2.623107 -2.658567 -2.642877 -2.570607 -2.438115 -2.243981 -1.989370 -1.678275 -1.317610 -0.917132 -0.489164 -0.048130 0.390091 0.808968 1.192221 1.524785 1.793752 1.989236 2.105085 2.139376 2.094666 1.977938 1.800269 1.576208 1.322913 1.059115 0.803960 0.575826 0.391200 0.263687 0.203226 0.215565 0.302017 0.459523 0.680980 0.955830
-0.036337 -0.048370 -0.063863 -0.083624 -0.108581 -0.139790 -0.178419 -0.225732 -0.283057 -0.351737 -0.433071 -0.528234 -0.638178 -0.763519 -0.904419 -1.060447 -1.230453 -1.412446 -1.603495 -1.799661 -1.995979 -2.186498 -2.364387 -2.522121 -2.651748 -2.745233 -2.794864 -2.793716 -2.736137 -2.618235 -2.438315 -2.197258 -1.898761 -1.549453 -1.158813 -0.738918 -0.303976 0.130303 0.547508 0.931422 1.266985 1.541234 1.744174 1.869486 1.915044 1.883155 1.780534 1.617967 1.409706 1.172621 0.925160 0.686210 0.473914 0.304554 0.191562 0.144740 0.169726 0.267763 0.435741 0.666541 0.949604
-0.036601 -0.048737 -0.064370 -0.084317 -0.109522 -0.141058 -0.180114 -0.227979 -0.286013 -0.355596 -0.438068 -0.534654 -0.646358 -0.773861 -0.917388 -1.076580 -1.250359 -1.436809 -1.633069 -1.835267 -2.038496 -2.236847 -2.423516 -2.590982 -2.731270 -2.836291 -2.898245 -2.910083 -2.865991 -2.761879 -2.595823 -2.368436 -2.083135 -1.746244 -1.366938 -0.956991 -0.530330 -0.102408 0.310577 0.692571 1.028615 1.305785 1.514049 1.646987 1.702297 1.682058 1.592693 1.444663 1.251863 1.030790 0.799525 0.576597 0.379821 0.225192 0.125898 0.091553 0.127666 0.235402 0.411632 0.649263 0.937809
-0.036565 -0.048703 -0.064344 -0.084309 -0.109548 -0.141140 -0.180285 -0.228287 -0.286519 -0.356386 -0.439256 -0.536385 -0.648821 -0.777291 -0.922078 -1.082886 -1.258711 -1.447715 -1.647121 -1.853143 -2.060961 -2.264747 -2.457770 -2.632567 -2.781203 -2.895598 -2.967933 -2.991102 -2.959192 -2.867967 -2.715314 -2.501611 -2.229999 -1.906490 -1.539925 -1.141724 -0.725464 -0.306261 0.099993 0.477505 0.811517 1.089229 1.300654 1.439326 1.502812 1.492965 1.415914 1.281752 1.103959 0.898586 0.683255 0.476047 0.294359 0.153813 0.067291 0.044168 0.089798 0.205272 0.387464 0.629361 0.920614
-0.036234 -0.048274 -0.063794 -0.083611 -0.108672 -0.140054 -0.178956 -0.226681 -0.284609 -0.354149 -0.436683 -0.533487 -0.645634 -0.773888 -0.918578 -1.079467 -1.255622 -1.445286 -1.645780 -1.853424 -2.063509 -2.270329 -2.467268 -2.646976 -2.801616 -2.923184 -3.003908 -3.036690 -3.015579 -2.936249 -2.796438 -2.596320 -2.338769 -2.029480 -1.676928 -1.292137 -0.888269 -0.480022 -0.082895 0.287674 0.617220 0.893159 1.105621 1.248155 1.318229 1.317492 1.251761 1.130729 0.967408 0.777327 0.577569 0.385676 0.218542 0.091337 0.016572 0.003341 0.056818 0.178022 0.363858 0.607435 0.898612
-0.035620 -0.047466 -0.062739 -0.082248 -0.106927 -0.137842 -0.176179 -0.223230 -0.280366 -0.348988 -0.430478 -0.526114 -0.636983 -0.763873 -0.907150 -1.066627 -1.241439 -1.429919 -1.629491 -1.836598 -2.046674 -2.254163 -2.452611 -2.634830 -2.793137 -2.919666 -3.006757 -3.047381 -3.035610 -2.967081 -2.839425 -2.652639 -2.409344 -2.114912 -1.777430 -1.407484 -1.017759 -0.622469 -0.236632 0.124756 0.447609 0.719639 0.931167 1.075810 1.150973 1.158112 1.102725 0.994072 0.844642 0.669381 0.484749 0.307672 0.154457 0.039752 -0.024365 -0.029120 0.030464 0.155334 0.342453 0.585101 0.873408
