tests/data/validation/dem.asc
ncols 100
nrows 100
xllcorner 0.0
yllcorner 0.0
cellsize 1.0
nodata_value -9999
[rows 54 to 80 of 100, columns 0 to 60 of 100]
-0.034738 -0.046300 -0.061210 -0.080259 -0.104365 -0.134569 -0.172037 -0.218039 -0.273921 -0.341067 -0.420839 -0.514509 -0.623162 -0.747596 -0.888204 -1.044845 -1.216718 -1.402246 -1.598965 -1.803460 -2.011325 -2.217190 -2.414799 -2.597174 -2.756836 -2.886117 -2.977523 -3.024159 -3.020172 -2.961212 -2.844846 -2.670920 -2.441817 -2.162583 -1.840899 -1.486875 -1.112671 -0.731951 -0.359181 -0.008838 0.305452 0.571767 0.780681 0.925928 1.004882 1.018815 0.972894 0.875919 0.739807 0.578857 0.408838 0.245982 0.105939 0.002771 -0.051929 -0.049742 0.014096 0.140469 0.326426 0.565464 0.848051
-0.033611 -0.044805 -0.059244 -0.077695 -0.101049 -0.130319 -0.166638 -0.211243 -0.265445 -0.330595 -0.408028 -0.498989 -0.604552 -0.725513 -0.862280 -1.014751 -1.182186 -1.363096 -1.555139 -1.755050 -1.958607 -2.160647 -2.355150 -2.535384 -2.694125 -2.823948 -2.917582 -2.968315 -2.970425 -2.919617 -2.813432 -2.651594 -2.436262 -2.172158 -1.866543 -1.529023 -1.171194 -0.806113 -0.447638 -0.109661 0.194715 0.453997 0.659061 0.803796 0.885569 0.905471 0.868328 0.782450 0.659138 0.511986 0.356012 0.206687 0.078940 -0.013808 -0.060488 -0.053064 0.013008 0.138562 0.320760 0.553372 0.827261
-0.032266 -0.043017 -0.056887 -0.074616 -0.097058 -0.125193 -0.160111 -0.203004 -0.255141 -0.317827 -0.392354 -0.479933 -0.581609 -0.698167 -0.830021 -0.977095 -1.138709 -1.313459 -1.499128 -1.692609 -1.889878 -2.086003 -2.275224 -2.451090 -2.606666 -2.734818 -2.828540 -2.881350 -2.887698 -2.843388 -2.745967 -2.595064 -2.392632 -2.143073 -1.853218 -1.532156 -1.190883 -0.841817 -0.498159 -0.173169 0.120620 0.372188 0.572750 0.716377 0.800438 0.825846 0.797069 0.721894 0.610967 0.477128 0.334586 0.198000 0.081524 -0.002104 -0.042372 -0.031640 0.034415 0.156598 0.332222 0.555375 0.817386
-0.030731 -0.040974 -0.054192 -0.071088 -0.092481 -0.119304 -0.152599 -0.193506 -0.243238 -0.303046 -0.374168 -0.457765 -0.554847 -0.666172 -0.792149 -0.932724 -1.087262 -1.254448 -1.432184 -1.617531 -1.806668 -1.994909 -2.176773 -2.346114 -2.496321 -2.620577 -2.712181 -2.764916 -2.773443 -2.733696 -2.643262 -2.501699 -2.310768 -2.074561 -1.799484 -1.494094 -1.168777 -0.835284 -0.506135 -0.193928 0.089405 0.333338 0.529447 0.671993 0.758351 0.789245 0.768763 0.704140 0.605328 0.484367 0.354614 0.229867 0.123471 0.047450 0.011742 0.023583 0.087093 0.203070 0.369022 0.579414 0.826102
-0.029038 -0.038720 -0.051214 -0.067187 -0.087412 -0.112773 -0.144258 -0.182945 -0.229984 -0.286560 -0.353846 -0.432947 -0.524820 -0.630190 -0.749448 -0.882549 -1.028902 -1.187267 -1.355667 -1.531326 -1.710632 -1.889152 -2.061695 -2.222439 -2.365110 -2.483237 -2.570448 -2.620819 -2.629249 -2.591833 -2.506220 -2.371919 -2.190521 -1.965820 -1.703804 -1.412501 -1.101686 -0.782437 -0.466584 -0.166053 0.107829 0.345040 0.537514 0.679699 0.768961 0.805816 0.793945 0.739999 0.653199 0.544750 0.427116 0.313206 0.215529 0.145377 0.112111 0.122575 0.180705 0.287330 0.440204 0.634226 0.861849
-0.027220 -0.036297 -0.048011 -0.062987 -0.081950 -0.105730 -0.135252 -0.171529 -0.215637 -0.268689 -0.331786 -0.405961 -0.492112 -0.590916 -0.702739 -0.827533 -0.964739 -1.113186 -1.271010 -1.435592 -1.603527 -1.770634 -1.932018 -2.082184 -2.215209 -2.324978 -2.405464 -2.451056 -2.456909 -2.419298 -2.335959 -2.206370 -2.031970 -1.816275 -1.564867 -1.285264 -0.986637 -0.679407 -0.374722 -0.083850 0.182477 0.414722 0.605162 0.748405 0.841787 0.885582 0.883033 0.840174 0.765461 0.669232 0.563033 0.458861 0.368376 0.302140 0.268945 0.275266 0.324886 0.418715 0.554806 0.728558 0.933091
-0.025310 -0.033750 -0.044642 -0.058566 -0.076196 -0.098303 -0.125747 -0.159466 -0.200461 -0.249763 -0.308390 -0.377299 -0.457316 -0.549063 -0.652865 -0.768665 -0.895920 -1.033520 -1.179700 -1.331992 -1.487188 -1.641353 -1.789883 -1.927607 -2.048956 -2.148171 -2.219578 -2.257884 -2.258514 -2.217939 -2.133991 -2.006139 -1.835692 -1.625904 -1.381980 -1.110947 -0.821402 -0.523134 -0.226641 0.057438 0.318931 0.548754 0.739485 0.885860 0.985140 1.037322 1.045174 1.014077 0.951692 0.867463 0.772004 0.676389 0.591432 0.526976 0.491266 0.490443 0.528184 0.605532 0.720901 0.870256 1.047457
-0.023343 -0.031125 -0.041166 -0.054000 -0.070250 -0.090621 -0.115906 -0.146966 -0.184718 -0.230106 -0.284061 -0.347454 -0.421031 -0.505346 -0.600678 -0.706943 -0.823608 -0.949604 -1.083259 -1.222236 -1.363514 -1.503391 -1.637542 -1.761110 -1.868868 -1.955413 -2.015414 -2.043901 -2.036569 -1.990090 -1.902408 -1.772997 -1.603051 -1.395594 -1.155478 -0.889277 -0.605049 -0.311994 -0.020006 0.260855 0.520929 0.751528 0.945483 1.097603 1.205027 1.267429 1.287060 1.268614 1.218930 1.146544 1.061124 0.972828 0.891637 0.826698 0.785747 0.774633 0.796982 0.854029 0.944615 1.065342 1.210876
-0.021349 -0.028462 -0.037638 -0.049365 -0.064207 -0.082809 -0.105889 -0.134231 -0.168663 -0.210039 -0.259195 -0.316910 -0.383844 -0.460475 -0.547021 -0.643364 -0.748964 -0.862785 -0.983224 -1.108066 -1.234456 -1.358907 -1.477354 -1.585241 -1.677663 -1.749557 -1.795929 -1.812119 -1.794090 -1.738714 -1.644055 -1.509604 -1.336464 -1.127449 -0.887098 -0.621570 -0.338436 -0.046359 0.245313 0.527036 0.789593 1.024631 1.225167 1.386022 1.504157 1.578871 1.611857 1.607090 1.570566 1.509900 1.433820 1.351580 1.272351 1.204622 1.155664 1.131086 1.134524 1.167468 1.229250 1.317177 1.426787
-0.019358 -0.025802 -0.034113 -0.044729 -0.058160 -0.074985 -0.095850 -0.121455 -0.152542 -0.189867 -0.234172 -0.286135 -0.346325 -0.415136 -0.492717 -0.578904 -0.673137 -0.774397 -0.881136 -0.991239 -1.101998 -1.210121 -1.311779 -1.402691 -1.478258 -1.533733 -1.564438 -1.566011 -1.534672 -1.467491 -1.362652 -1.219675 -1.039588 -0.825030 -0.580259 -0.311068 -0.024594 0.270972 0.566759 0.853666 1.122847 1.366208 1.576879 1.749627 1.881172 1.970391 2.018378 2.028360 2.005474 1.956416 1.888982 1.811547 1.732506 1.659734 1.600088 1.558996 1.540163 1.545399 1.574594 1.625815 1.695536
-0.017399 -0.023183 -0.030639 -0.040157 -0.052193 -0.067259 -0.085928 -0.108819 -0.136582 -0.169879 -0.209349 -0.255571 -0.309016 -0.369987 -0.438558 -0.514507 -0.597244 -0.685750 -0.778517 -0.873509 -0.968143 -1.059297 -1.143355 -1.216284 -1.273762 -1.311334 -1.324616 -1.309524 -1.262517 -1.180858 -1.062849 -0.908046 -0.717424 -0.493471 -0.240207 0.036893 0.331067 0.634529 0.938811 1.235180 1.515078 1.770591 1.994891 2.182621 2.330203 2.436042 2.500599 2.526333 2.517516 2.479929 2.420457 2.346628 2.266105 2.186198 2.113405 2.053034 2.008917 1.983244 1.976517 1.987620 2.014007
-0.015495 -0.020637 -0.027260 -0.035709 -0.046383 -0.059732 -0.076254 -0.096488 -0.120994 -0.150338 -0.185057 -0.225629 -0.272422 -0.325645 -0.385291 -0.451070 -0.522354 -0.598108 -0.676847 -0.756598 -0.834878 -0.908713 -0.974669 -1.028935 -1.067437 -1.085985 -1.080461 -1.047035 -0.982391 -0.883970 -0.750189 -0.580650 -0.376287 -0.139467 0.125992 0.414881 0.720754 1.036162 1.352968 1.662726 1.957091 2.228253 2.469351 2.674842 2.840798 2.965113 3.047585 3.089895 3.095452 3.069139 3.016962 2.945637 2.862144 2.773280 2.685243 2.603275 2.531392 2.472213 2.426899 2.395192 2.375555
-0.013669 -0.018193 -0.024015 -0.031435 -0.040797 -0.052490 -0.066941 -0.084609 -0.105966 -0.131482 -0.161596 -0.196681 -0.237004 -0.282678 -0.333608 -0.389433 -0.449473 -0.512670 -0.577548 -0.642173 -0.704149 -0.760618 -0.808308 -0.843601 -0.862639 -0.861468 -0.836211 -0.783267 -0.699525 -0.582589 -0.430990 -0.244376 -0.023656 0.228899 0.509635 0.813565 1.134500 1.465266 1.797987 2.124430 2.436391 2.726094 2.986584 3.212077 3.398254 3.542463 3.643832 3.703258 3.723304 3.707978 3.662445 3.592655 3.504958 3.405690 3.300801 3.195518 3.094089 2.999600 2.913901 2.837615 2.770232
-0.011938 -0.015876 -0.020937 -0.027378 -0.035493 -0.045610 -0.058088 -0.073309 -0.091661 -0.113520 -0.139229 -0.169058 -0.203175 -0.241595 -0.284134 -0.330357 -0.379525 -0.430548 -0.481945 -0.531811 -0.577811 -0.617188 -0.646805 -0.663207 -0.662730 -0.641626 -0.596230 -0.523148 -0.419454 -0.282902 -0.112129 0.093170 0.332096 0.602454 0.900722 1.222090 1.560580 1.909234 2.260373 2.605919 2.937743 3.248048 3.529734 3.776735 3.984312 4.149256 4.270018 4.346729 4.381126 4.376384 4.336867 4.267812 4.174988 4.064325 3.941571 3.811983 3.680068 3.549408 3.422555 3.301015 3.185302
-0.010317 -0.013705 -0.018052 -0.023575 -0.030517 -0.039153 -0.049776 -0.062694 -0.078215 -0.096627 -0.118177 -0.143042 -0.171288 -0.202838 -0.237417 -0.274516 -0.313334 -0.352744 -0.391248 -0.426959 -0.457590 -0.480466 -0.492561 -0.490565 -0.470978 -0.430235 -0.364860 -0.271640 -0.147816 0.008719 0.199233 0.423980 0.682065 0.971349 1.288415 1.628598 1.986085 2.354088 2.725077 3.091076 3.443987 3.775948 4.079678 4.348811 4.578172 4.763998 4.904079 4.997804 5.046125 5.051426 5.017324 4.948396 4.849880 4.727348 4.586389 4.432314 4.269915 4.103270 3.935630 3.769367 3.605991
-0.008817 -0.011695 -0.015381 -0.020051 -0.025907 -0.033168 -0.042069 -0.052848 -0.065737 -0.080942 -0.098623 -0.118863 -0.141637 -0.166775 -0.193920 -0.222484 -0.251610 -0.280125 -0.306516 -0.328902 -0.345034 -0.352304 -0.347781 -0.328280 -0.290444 -0.230872 -0.146252 -0.033535 0.109887 0.285999 0.495977 0.740027 1.017251 1.325554 1.661603 2.020849 2.397616 2.785248 3.176331 3.562952 3.937017 4.290572 4.616145 4.907059 5.157716 5.363817 5.522520 5.632515 5.694018 5.708679 5.679420 5.610215 5.505823 5.371498 5.212698 5.034810 4.842908 4.641558 4.434683 4.225480 4.016407
-0.007444 -0.009857 -0.012937 -0.016827 -0.021688 -0.027690 -0.035012 -0.043830 -0.054307 -0.066573 -0.080704 -0.096699 -0.114448 -0.133696 -0.154007 -0.174724 -0.194928 -0.213410 -0.228635 -0.238727 -0.241467 -0.234303 -0.214392 -0.178656 -0.123869 -0.046770 0.055800 0.186743 0.348534 0.543044 0.771364 1.033656 1.329015 1.655380 2.009489 2.386894 2.782031 3.188359 3.598551 4.004749 4.398843 4.772787 5.118921 5.430273 5.700847 5.925846 6.101844 6.226888 6.300517 6.323708 6.298753 6.229078 6.119007 5.973511 5.797939 5.597756 5.378303 5.144605 4.901208 4.652077 4.400542
-0.006204 -0.008195 -0.010728 -0.013914 -0.017875 -0.022739 -0.028634 -0.035682 -0.043979 -0.053587 -0.064511 -0.076671 -0.089881 -0.103809 -0.117948 -0.131576 -0.143726 -0.153149 -0.158295 -0.157292 -0.147949 -0.127769 -0.093986 -0.043620 0.026434 0.119307 0.238020 0.385342 0.563622 0.774626 1.019372 1.297976 1.609526 1.951994 2.322182 2.715732 3.127183 3.550099 3.977241 4.400797 4.812651 5.204679 5.569054 5.898549 6.186811 6.428599 6.619969 6.758389 6.842794 6.873556 6.852401 6.782260 6.667069 6.511542 6.320925 6.100750 5.856602 5.593910 5.317778 5.032860 4.743271
-0.005097 -0.006712 -0.008757 -0.011314 -0.014473 -0.018323 -0.022949 -0.028419 -0.034776 -0.042021 -0.050094 -0.058848 -0.068028 -0.077238 -0.085907 -0.093260 -0.098288 -0.099713 -0.095974 -0.085207 -0.065252 -0.033666 0.012241 0.075353 0.158664 0.265179 0.397791 0.559141 0.751464 0.976428 1.234980 1.527196 1.852162 2.207879 2.591214 2.997898 3.422578 3.858925 4.299794 4.737437 5.163755 5.570575 5.949949 6.294441 6.597406 6.853229 7.057520 7.207250 7.300825 7.338089 7.320267 7.249848 7.130416 6.966449 6.763090 6.525917 6.260708 5.973237 5.669086 5.353497 5.031263
-0.004121 -0.005405 -0.007020 -0.009025 -0.011480 -0.014440 -0.017952 -0.022039 -0.026699 -0.031878 -0.037460 -0.043244 -0.048916 -0.054024 -0.057948 -0.059872 -0.058752 -0.053293 -0.041931 -0.022820 0.006163 0.047405 0.103517 0.177287 0.271595 0.389327 0.533251 0.705885 0.909353 1.145232 1.414401 1.716902 2.051822 2.417196 2.809963 3.225950 3.659920 4.105668 4.556163 5.003752 5.440386 5.857895 6.248261 6.603909 6.917977 7.184555 7.398895 7.557555 7.658497 7.701113 7.686193 7.615836 7.493307 7.322861 7.109527 6.858894 6.576883 6.269531 5.942803 5.602423 5.253739
-0.003271 -0.004269 -0.005512 -0.007039 -0.008884 -0.011076 -0.013625 -0.016523 -0.019722 -0.023128 -0.026579 -0.029825 -0.032508 -0.034132 -0.034041 -0.031387 -0.025107 -0.013900 0.003790 0.029780 0.066150 0.115218 0.179513 0.261721 0.364610 0.490941 0.643358 0.824258 1.035656 1.279042 1.555230 1.864235 2.205147 2.576047 2.973951 3.394799 3.833488 4.283958 4.739329 5.192076 5.634254 6.057749 6.454546 6.817006 7.138133 7.411813 7.633031 7.798025 7.904399 7.951171 7.938760 7.868924 7.744639 7.569940 7.349728 7.089561 6.795435 6.473569 6.130205 5.771429 5.403022
-0.002543 -0.003295 -0.004220 -0.005339 -0.006667 -0.008206 -0.009941 -0.011833 -0.013802 -0.015718 -0.017383 -0.018512 -0.018712 -0.017457 -0.014065 -0.007671 0.002794 0.018624 0.041352 0.072758 0.114862 0.169909 0.240334 0.328715 0.437699 0.569922 0.727899 0.913906 1.129851 1.377133 1.656510 1.967970 2.310616 2.682584 3.080982 3.501879 3.940329 4.390452 4.845550 5.298279 5.740850 6.165275 6.563615 6.928250 7.252140 7.529063 7.753831 7.922454 8.032267 8.081989 8.071732 8.002958 7.878377 7.701806 7.477995 7.212425 6.911098 6.580324 6.226513 5.855992 5.474840
-0.001927 -0.002472 -0.003131 -0.003909 -0.004804 -0.005800 -0.006860 -0.007920 -0.008876 -0.009570 -0.009778 -0.009190 -0.007389 -0.003831 0.002180 0.011510 0.025222 0.044588 0.071108 0.106507 0.152737 0.211955 0.286493 0.378811 0.491431 0.626854 0.787463 0.975409 1.192491 1.440021 1.718700 2.028496 2.368532 2.737009 3.131144 3.547153 3.980279 4.424849 4.874394 5.321800 5.759497 6.179689 6.574592 6.936692 7.258995 7.535265 7.760238 7.929788 8.041062 8.092557 8.084136 8.017006 7.893631 7.717611 7.493516 7.226703 6.923108 6.589037 6.230965 5.855337 5.468400
-0.001414 -0.001789 -0.002229 -0.002727 -0.003268 -0.003822 -0.004334 -0.004724 -0.004867 -0.004588 -0.003646 -0.001712 0.001642 0.006966 0.014957 0.026471 0.042550 0.064434 0.093570 0.131621 0.180454 0.242129 0.318863 0.412989 0.526892 0.662935 0.823362 1.010195 1.225121 1.469366 1.743576 2.047701 2.380896 2.741435 3.126661 3.532961 3.955789 4.389720 4.828554 5.265458 5.693142 6.104070 6.490693 6.845683 7.162183 7.434036 7.655987 7.823865 7.934710 7.986863 7.979996 7.915096 7.794400 7.621285 7.400117 7.136078 6.834968 6.503006 6.146620 5.772260 5.386218
-0.000994 -0.001232 -0.001495 -0.001769 -0.002028 -0.002231 -0.002312 -0.002177 -0.001690 -0.000664 0.001153 0.004094 0.008592 0.015194 0.024582 0.037594 0.055237 0.078705 0.109383 0.148855 0.198895 0.261451 0.338617 0.432589 0.545607 0.679885 0.837527 1.020420 1.230137 1.467816 1.734051 2.028780 2.351192 2.699651 3.071637 3.463731 3.871625 4.290173 4.713487 5.135063 5.547948 5.944932 6.318769 6.662399 6.969184 7.233126 7.449070 7.612875 7.721549 7.773341 7.767777 7.705663 7.589023 7.421004 7.205744 6.948203 6.653983 6.329129 5.979930 5.612733 5.233758
-0.000658 -0.000787 -0.000911 -0.001010 -0.001050 -0.000983 -0.000736 -0.000206 0.000748 0.002320 0.004765 0.008414 0.013693 0.021136 0.031406 0.045305 0.063799 0.088021 0.119285 0.159086 0.209091 0.271130 0.347160 0.439232 0.549436 0.679833 0.832376 1.008817 1.210611 1.438810 1.693954 1.975975 2.284106 2.616804 2.971706 3.345601 3.734443 4.133398 4.536923 4.938887 5.332725 5.711610 6.068664 6.397164 6.690762 6.943698 7.150987 7.308592 7.413552 7.464080 7.459604 7.400773 7.289413 7.128438 6.921735 6.674002 6.390583 6.077277 5.740150 5.385348 5.018922
-0.000394 -0.000439 -0.000458 -0.000424 -0.000302 -0.000036 0.000450 0.001261 0.002543 0.004487 0.007345 0.011441 0.017187 0.025096 0.035799 0.050060 0.068788 0.093050 0.124078 0.163267 0.212173 0.272493 0.346046 0.434730 0.540477 0.665189 0.810666 0.978524 1.170098 1.386351 1.627775 1.894297 2.185197 2.499039 2.833623 3.185963 3.552297 3.928121 4.308273 4.687029 5.058250 5.415545 5.752455 6.062651 6.340140 6.579458 6.775858 6.925464 7.025406 7.073904 7.070327 7.015196 6.910147 6.757863 6.561956 6.326832 6.057528 5.759536 5.438624 5.100657 4.751430
