tests/data/validation/dem.asc
ncols 100
nrows 100
xllcorner 0.0
yllcorner 0.0
cellsize 1.0
nodata_value -9999
[rows 0 to 26 of 100, columns 0 to 60 of 100]
0.000067 0.000091 0.000124 0.000167 0.000223 0.000294 0.000385 0.000499 0.000640 0.000813 0.001021 0.001270 0.001561 0.001896 0.002275 0.002693 0.003144 0.003614 0.004085 0.004528 0.004910 0.005183 0.005293 0.005171 0.004738 0.003905 0.002573 0.000633 -0.002025 -0.005517 -0.009953 -0.015434 -0.022051 -0.029871 -0.038938 -0.049264 -0.060824 -0.073551 -0.087338 -0.102032 -0.117435 -0.133312 -0.149390 -0.165370 -0.180932 -0.195750 -0.209497 -0.221862 -0.232561 -0.241345 -0.248012 -0.252415 -0.254463 -0.254132 -0.251457 -0.246537 -0.239522 -0.230613 -0.220053 -0.208110 -0.195074
0.000083 0.000114 0.000154 0.000208 0.000277 0.000365 0.000478 0.000619 0.000793 0.001006 0.001263 0.001569 0.001925 0.002335 0.002796 0.003302 0.003844 0.004404 0.004956 0.005465 0.005884 0.006155 0.006203 0.005943 0.005272 0.004074 0.002223 -0.000421 -0.003999 -0.008657 -0.014537 -0.021767 -0.030460 -0.040703 -0.052547 -0.066006 -0.081044 -0.097575 -0.115455 -0.134484 -0.154409 -0.174923 -0.195674 -0.216275 -0.236316 -0.255374 -0.273032 -0.288889 -0.302582 -0.313790 -0.322257 -0.327795 -0.330291 -0.329714 -0.326114 -0.319618 -0.310425 -0.298795 -0.285039 -0.269508 -0.252576
0.000102 0.000140 0.000190 0.000256 0.000341 0.000450 0.000589 0.000762 0.000976 0.001237 0.001551 0.001924 0.002358 0.002855 0.003412 0.004022 0.004669 0.005330 0.005973 0.006551 0.007004 0.007256 0.007213 0.006763 0.005776 0.004106 0.001589 -0.001949 -0.006691 -0.012819 -0.020512 -0.029933 -0.041222 -0.054488 -0.069794 -0.087152 -0.106516 -0.127771 -0.150732 -0.175141 -0.200672 -0.226930 -0.253467 -0.279788 -0.305367 -0.329667 -0.352155 -0.372322 -0.389702 -0.403894 -0.414569 -0.421489 -0.424515 -0.423611 -0.418841 -0.410370 -0.398455 -0.383431 -0.365696 -0.345701 -0.323923
0.000125 0.000172 0.000233 0.000314 0.000418 0.000551 0.000720 0.000931 0.001192 0.001510 0.001891 0.002343 0.002868 0.003468 0.004137 0.004865 0.005633 0.006411 0.007155 0.007806 0.008287 0.008501 0.008329 0.007630 0.006238 0.003968 0.000615 -0.004042 -0.010231 -0.018182 -0.028119 -0.040245 -0.054737 -0.071726 -0.091290 -0.113443 -0.138121 -0.165176 -0.194370 -0.225376 -0.257777 -0.291075 -0.324698 -0.358020 -0.390377 -0.421088 -0.449480 -0.474911 -0.496795 -0.514622 -0.527982 -0.536577 -0.540232 -0.538903 -0.532677 -0.521766 -0.506495 -0.487290 -0.464661 -0.439176 -0.411442
0.000152 0.000209 0.000283 0.000381 0.000507 0.000669 0.000873 0.001129 0.001445 0.001829 0.002290 0.002834 0.003466 0.004184 0.004984 0.005850 0.006756 0.007665 0.008522 0.009250 0.009753 0.009908 0.009566 0.008549 0.006650 0.003637 -0.000747 -0.006776 -0.014736 -0.024913 -0.037585 -0.053005 -0.071390 -0.092903 -0.117639 -0.145610 -0.176734 -0.210820 -0.247571 -0.286571 -0.327296 -0.369118 -0.411322 -0.453121 -0.493682 -0.532151 -0.567687 -0.599484 -0.626810 -0.649029 -0.665628 -0.676236 -0.680637 -0.678779 -0.670773 -0.656886 -0.637532 -0.613245 -0.584668 -0.552514 -0.517548
0.000184 0.000252 0.000341 0.000459 0.000611 0.000806 0.001052 0.001360 0.001739 0.002200 0.002753 0.003405 0.004160 0.005017 0.005967 0.006991 0.008057 0.009117 0.010099 0.010911 0.011430 0.011505 0.010948 0.009538 0.007021 0.003107 -0.002522 -0.010205 -0.020295 -0.033146 -0.049100 -0.068471 -0.091523 -0.118457 -0.149387 -0.184325 -0.223166 -0.265671 -0.311467 -0.360035 -0.410723 -0.462750 -0.515225 -0.567170 -0.617550 -0.665307 -0.709393 -0.748810 -0.782650 -0.810124 -0.830597 -0.843611 -0.848899 -0.846399 -0.836253 -0.818795 -0.794539 -0.764155 -0.728441 -0.688288 -0.644648
0.000219 0.000301 0.000408 0.000549 0.000730 0.000963 0.001258 0.001625 0.002078 0.002629 0.003288 0.004064 0.004961 0.005977 0.007101 0.008308 0.009558 0.010789 0.011915 0.012820 0.013353 0.013327 0.012511 0.010634 0.007381 0.002399 -0.004702 -0.014340 -0.026947 -0.042957 -0.062788 -0.086823 -0.115386 -0.148721 -0.186966 -0.230133 -0.278089 -0.330542 -0.387026 -0.446904 -0.509371 -0.573464 -0.638086 -0.702034 -0.764034 -0.822783 -0.876991 -0.925433 -0.966990 -1.000693 -1.025761 -1.041631 -1.047978 -1.044727 -1.032054 -1.010372 -0.980317 -0.942717 -0.898554 -0.848928 -0.795014
0.000260 0.000356 0.000484 0.000650 0.000866 0.001142 0.001492 0.001928 0.002465 0.003118 0.003899 0.004817 0.005879 0.007079 0.008403 0.009821 0.011283 0.012713 0.014005 0.015018 0.015568 0.015425 0.014311 0.011894 0.007793 0.001575 -0.007232 -0.019136 -0.034661 -0.054336 -0.078668 -0.108121 -0.143090 -0.183869 -0.230626 -0.283373 -0.341949 -0.405993 -0.474939 -0.548010 -0.624223 -0.702405 -0.781218 -0.859195 -0.934783 -1.006392 -1.072451 -1.131465 -1.182070 -1.223084 -1.253556 -1.272798 -1.280415 -1.276316 -1.260714 -1.234118 -1.197304 -1.151280 -1.097250 -1.036556 -0.970632
0.000305 0.000418 0.000568 0.000765 0.001019 0.001344 0.001756 0.002270 0.002903 0.003672 0.004592 0.005674 0.006922 0.008333 0.009888 0.011550 0.013257 0.014919 0.016408 0.017553 0.018132 0.017870 0.016429 0.013412 0.008357 0.000747 -0.009990 -0.024462 -0.043305 -0.067152 -0.096616 -0.132257 -0.174550 -0.223848 -0.280356 -0.344090 -0.414854 -0.492214 -0.575489 -0.663740 -0.755783 -0.850201 -0.945381 -1.039550 -1.130834 -1.217312 -1.297086 -1.368348 -1.429449 -1.478962 -1.515733 -1.538931 -1.548076 -1.543058 -1.524134 -1.491916 -1.447341 -1.391632 -1.326240 -1.252792 -1.173022
0.000355 0.000487 0.000662 0.000891 0.001188 0.001569 0.002050 0.002652 0.003393 0.004293 0.005371 0.006638 0.008101 0.009753 0.011572 0.013515 0.015509 0.017445 0.019171 0.020484 0.021119 0.020749 0.018972 0.015315 0.009228 0.000093 -0.012771 -0.030090 -0.052621 -0.081122 -0.116326 -0.158902 -0.209419 -0.268304 -0.335801 -0.411933 -0.496470 -0.588899 -0.688407 -0.793876 -0.903894 -1.016769 -1.130574 -1.243192 -1.352378 -1.455836 -1.551292 -1.636583 -1.709730 -1.769021 -1.813072 -1.840884 -1.851877 -1.845915 -1.823301 -1.784766 -1.731430 -1.664754 -1.586475 -1.498542 -1.403031
0.000408 0.000561 0.000764 0.001029 0.001374 0.001815 0.002374 0.003073 0.003935 0.004983 0.006238 0.007714 0.009419 0.011347 0.013470 0.015739 0.018068 0.020330 0.022347 0.023879 0.024617 0.024175 0.022081 0.017777 0.010615 -0.000134 -0.015273 -0.035663 -0.062197 -0.095774 -0.137262 -0.187457 -0.247035 -0.316507 -0.396170 -0.486057 -0.585905 -0.695112 -0.812726 -0.937431 -1.067561 -1.201119 -1.335826 -1.469177 -1.598515 -1.721116 -1.834287 -1.935455 -2.022273 -2.092701 -2.145092 -2.178252 -2.191485 -2.184620 -2.158011 -2.112517 -2.049459 -1.970567 -1.877900 -1.773765 -1.660627
0.000465 0.000640 0.000872 0.001177 0.001573 0.002082 0.002726 0.003532 0.004527 0.005739 0.007191 0.008903 0.010882 0.013122 0.015594 0.018240 0.020962 0.023615 0.025992 0.027817 0.028731 0.028286 0.025933 0.021021 0.012797 0.000408 -0.017084 -0.040686 -0.071445 -0.110418 -0.158624 -0.217003 -0.286355 -0.367288 -0.460162 -0.565030 -0.681594 -0.809166 -0.946641 -1.092493 -1.244776 -1.401161 -1.558982 -1.715305 -1.867014 -2.010915 -2.143838 -2.262760 -2.364914 -2.447895 -2.509754 -2.549076 -2.565029 -2.557398 -2.526584 -2.473584 -2.399943 -2.307681 -2.199214 -2.077249 -1.944680
0.000524 0.000722 0.000986 0.001333 0.001784 0.002364 0.003101 0.004023 0.005165 0.006557 0.008228 0.010201 0.012487 0.015080 0.017950 0.021033 0.024218 0.027341 0.030168 0.032384 0.033579 0.033239 0.030734 0.025316 0.016116 0.002148 -0.017671 -0.044510 -0.079585 -0.124125 -0.179321 -0.246270 -0.325917 -0.418981 -0.525898 -0.646751 -0.781215 -0.928514 -1.087389 -1.256086 -1.432366 -1.613541 -1.796526 -1.977920 -2.154108 -2.321375 -2.476032 -2.614556 -2.733713 -2.830691 -2.903204 -2.949582 -2.968837 -2.960696 -2.925605 -2.864705 -2.779777 -2.673160 -2.547655 -2.406404 -2.252773
0.000583 0.000806 0.001102 0.001493 0.002002 0.002658 0.003492 0.004540 0.005839 0.007427 0.009337 0.011599 0.014226 0.017217 0.020540 0.024125 0.027854 0.031543 0.034931 0.037666 0.039287 0.039210 0.036724 0.030977 0.020979 0.005606 -0.016386 -0.046335 -0.085641 -0.135721 -0.197955 -0.273617 -0.363811 -0.469390 -0.590879 -0.728403 -0.881624 -1.049682 -1.231161 -1.424077 -1.625885 -1.833517 -2.043442 -2.251763 -2.454325 -2.646852 -2.825092 -2.984973 -3.122754 -3.235169 -3.319557 -3.373965 -3.397221 -3.388977 -3.349719 -3.280733 -3.184046 -3.062335 -2.918811 -2.757086 -2.581034
0.000640 0.000886 0.001216 0.001651 0.002220 0.002955 0.003892 0.005071 0.006538 0.008335 0.010504 0.013080 0.016084 0.019518 0.023352 0.027514 0.031878 0.036246 0.040332 0.043748 0.045981 0.046383 0.044159 0.038351 0.027846 0.011374 -0.012473 -0.045215 -0.088448 -0.143792 -0.212830 -0.297034 -0.397686 -0.515788 -0.651978 -0.806441 -0.978837 -1.168235 -1.373072 -1.591133 -1.819560 -2.054895 -2.293145 -2.529890 -2.760405 -2.979818 -3.183272 -3.366106 -3.524027 -3.653277 -3.750780 -3.814265 -3.842349 -3.834592 -3.791503 -3.714511 -3.605895 -3.468682 -3.306513 -3.123497 -2.924044
0.000691 0.000960 0.001322 0.001802 0.002430 0.003244 0.004285 0.005601 0.007241 0.009259 0.011703 0.014618 0.018032 0.021955 0.026361 0.031181 0.036283 0.041459 0.046403 0.050694 0.053776 0.054936 0.053297 0.047801 0.037207 0.020100 -0.005097 -0.040093 -0.086689 -0.146720 -0.221989 -0.314182 -0.424779 -0.554955 -0.705481 -0.876626 -1.068067 -1.278822 -1.507194 -1.750748 -2.006321 -2.270062 -2.537507 -2.803696 -3.063317 -3.310870 -3.540864 -3.748011 -3.927428 -4.074825 -4.186674 -4.260351 -4.294232 -4.287757 -4.241443 -4.156852 -4.036510 -3.883799 -3.702804 -3.498147 -3.274799
0.000732 0.001023 0.001414 0.001935 0.002620 0.003511 0.004655 0.006107 0.007925 0.010169 0.012901 0.016174 0.020028 0.024483 0.029522 0.035082 0.041033 0.047161 0.053147 0.058545 0.062758 0.065021 0.064378 0.059676 0.049553 0.032450 0.006619 -0.029840 -0.078939 -0.142738 -0.223272 -0.322460 -0.441999 -0.583262 -0.747177 -0.934124 -1.143827 -1.375278 -1.626670 -1.895373 -2.177930 -2.470110 -2.766982 -3.063047 -3.352390 -3.628870 -3.886336 -4.118845 -4.320892 -4.487618 -4.615008 -4.700046 -4.740835 -4.736667 -4.688042 -4.596634 -4.465209 -4.297496 -4.098026 -3.871941 -3.624787
0.000758 0.001066 0.001482 0.002039 0.002776 0.003738 0.004980 0.006563 0.008554 0.011026 0.014050 0.017693 0.022010 0.027035 0.032764 0.039147 0.046060 0.053295 0.060526 0.067291 0.072966 0.076740 0.077592 0.074281 0.065335 0.049056 0.023533 -0.013326 -0.063745 -0.130017 -0.214418 -0.319115 -0.446046 -0.596804 -0.772505 -0.973671 -1.200110 -1.450821 -1.723926 -2.016628 -2.325211 -2.645085 -2.970875 -3.296548 -3.615594 -3.921226 -4.206620 -4.465159 -4.690688 -4.877749 -5.021804 -5.119411 -5.168363 -5.167769 -5.118080 -5.021056 -4.879679 -4.698012 -4.481021 -4.234365 -3.964164
0.000764 0.001082 0.001517 0.002101 0.002879 0.003902 0.005230 0.006932 0.009086 0.011776 0.015087 0.019103 0.023895 0.029517 0.035985 0.043265 0.051253 0.059751 0.068441 0.076859 0.084364 0.090114 0.093041 0.091830 0.084912 0.070462 0.046416 0.010499 -0.039724 -0.106778 -0.193192 -0.301393 -0.433580 -0.591592 -0.776767 -0.989806 -1.230643 -1.498332 -1.790967 -2.105633 -2.438399 -2.784357 -3.137719 -3.491950 -3.839961 -4.174330 -4.487558 -4.772348 -5.021874 -5.230055 -5.391799 -5.503201 -5.561704 -5.566194 -5.517035 -5.416038 -5.266365 -5.072388 -4.839484 -4.573811 -4.282053
0.000740 0.001062 0.001504 0.002104 0.002909 0.003976 0.005371 0.007172 0.009467 0.012354 0.015935 0.020310 0.025574 0.031804 0.039041 0.047280 0.056442 0.066355 0.076720 0.087087 0.096816 0.105055 0.110704 0.112397 0.108488 0.097044 0.075863 0.042501 -0.005679 -0.071434 -0.157549 -0.266721 -0.401429 -0.563788 -0.755392 -0.977166 -1.229218 -1.510712 -1.819776 -2.153434 -2.507599 -2.877105 -3.255801 -3.636694 -4.012153 -4.374143 -4.714508 -5.025268 -5.298924 -5.528750 -5.709069 -5.835480 -5.905036 -5.916353 -5.869662 -5.766777 -5.611000 -5.406966 -5.160431 -4.878021 -4.566957
0.000680 0.000993 0.001429 0.002028 0.002840 0.003926 0.005360 0.007229 0.009632 0.012681 0.016495 0.021198 0.026909 0.033733 0.041747 0.050982 0.061396 0.072855 0.085097 0.097704 0.110060 0.121322 0.130388 0.135864 0.136051 0.128936 0.112202 0.083252 0.039263 -0.022746 -0.105814 -0.212919 -0.346837 -0.509986 -0.704254 -0.930840 -1.190081 -1.481318 -1.802781 -2.151511 -2.523339 -2.912912 -3.313786 -3.718574 -4.119151 -4.506916 -4.873081 -5.209000 -5.506498 -5.758195 -5.957808 -6.100402 -6.182593 -6.202684 -6.160716 -6.058450 -5.899273 -5.688031 -5.430806 -5.134650 -4.807282
0.000572 0.000862 0.001274 0.001850 0.002641 0.003715 0.005150 0.007043 0.009504 0.012660 0.016650 0.021623 0.027727 0.035103 0.043868 0.054099 0.065805 0.078907 0.093197 0.108309 0.123676 0.138495 0.151687 0.161863 0.167304 0.165947 0.155387 0.132904 0.095507 0.040006 -0.036887 -0.138434 -0.267727 -0.427511 -0.620013 -0.846753 -1.108366 -1.404440 -1.733389 -2.092359 -2.477188 -2.882428 -3.301428 -3.726483 -4.149048 -4.560008 -4.949989 -5.309707 -5.630322 -5.903796 -6.123217 -6.283086 -6.379540 -6.410509 -6.375785 -6.277014 -6.117601 -5.902537 -5.638169 -5.331915 -4.991942
0.000406 0.000655 0.001020 0.001543 0.002279 0.003298 0.004684 0.006541 0.008992 0.012179 0.016262 0.021417 0.027825 0.035669 0.045114 0.056293 0.069280 0.084066 0.100520 0.118350 0.137068 0.155939 0.173942 0.189730 0.201601 0.207479 0.204909 0.191078 0.162854 0.116860 0.049569 -0.042569 -0.162968 -0.314735 -0.500470 -0.722072 -0.980542 -1.275799 -1.606531 -1.970086 -2.362415 -2.778079 -3.210320 -3.651213 -4.091878 -4.522757 -4.933947 -5.315566 -5.658131 -5.952947 -6.192461 -6.370576 -6.482905 -6.526950 -6.502188 -6.410076 -6.253960 -6.038904 -5.771446 -5.459300 -5.111014
0.000170 0.000356 0.000645 0.001080 0.001717 0.002626 0.003898 0.005643 0.007994 0.011110 0.015172 0.020384 0.026965 0.035143 0.045140 0.057157 0.071345 0.087783 0.106436 0.127118 0.149443 0.172783 0.196211 0.218463 0.237898 0.252468 0.259711 0.256758 0.240374 0.207017 0.152936 0.074303 -0.032634 -0.171362 -0.344900 -0.555583 -0.804847 -1.093029 -1.419193 -1.780998 -2.174621 -2.594748 -3.034633 -3.486237 -3.940444 -4.387341 -4.816565 -5.217684 -5.580605 -5.895986 -6.155620 -6.352787 -6.482530 -6.541861 -6.529875 -6.447761 -6.298725 -6.087817 -5.821686 -5.508262 -5.156402
-0.000150 -0.000054 0.000126 0.000430 0.000913 0.001648 0.002725 0.004261 0.006399 0.009313 0.013204 0.018305 0.024877 0.033197 0.043551 0.056217 0.071438 0.089399 0.110183 0.133734 0.159805 0.187906 0.217249 0.246697 0.274714 0.299332 0.318126 0.328219 0.326309 0.308721 0.271507 0.210563 0.121799 0.001323 -0.154340 -0.348016 -0.581654 -0.856098 -1.170890 -1.524118 -1.912308 -2.330397 -2.771776 -3.228412 -3.691065 -4.149562 -4.593161 -5.010938 -5.392229 -5.727059 -6.006568 -6.223381 -6.371929 -6.448676 -6.452260 -6.383521 -6.245440 -6.042965 -5.782763 -5.472897 -5.122455
-0.000566 -0.000592 -0.000563 -0.000440 -0.000175 0.000305 0.001091 0.002301 0.004087 0.006633 0.010164 0.014941 0.021264 0.029467 0.039904 0.052939 0.068921 0.088156 0.110870 0.137163 0.166958 0.199944 0.235513 0.272700 0.310128 0.345956 0.377853 0.402983 0.418018 0.419193 0.402383 0.363230 0.297301 0.200284 0.068211 -0.102290 -0.313754 -0.567622 -0.864022 -1.201587 -1.577322 -1.986547 -2.422920 -2.878545 -3.344172 -3.809476 -4.263417 -4.694652 -5.091987 -5.444839 -5.743687 -5.980486 -6.149009 -6.245114 -6.266909 -6.214807 -6.091470 -5.901657 -5.651962 -5.350494 -5.006486
-0.001092 -0.001277 -0.001444 -0.001564 -0.001590 -0.001459 -0.001080 -0.000335 0.000931 0.002912 0.005850 0.010035 0.015809 0.023560 0.033718 0.046739 0.063089 0.083214 0.107499 0.136231 0.169533 0.207310 0.249178 0.294395 0.341791 0.389712 0.435972 0.477828 0.511982 0.534615 0.541463 0.527929 0.489245 0.420664 0.317698 0.176373 -0.006496 -0.233038 -0.504073 -0.818895 -1.175116 -1.568573 -1.993326 -2.441746 -2.904693 -3.371798 -3.831816 -4.273054 -4.683835 -5.052995 -5.370358 -5.627185 -5.816554 -5.933662 -5.976019 -5.943527 -5.838449 -5.665260 -5.430396 -5.141925 -4.809146
